Combo: (0, 1, 2)
  a=1.469059 AU, e=0.320922, Omega=151.7332 deg, i=3.4223 deg, w=182.8761 deg, M=358.6828 deg
  r2 = [0.880289,-0.431103,-0.187080]
  r2dot = [0.529152,0.962455,0.342385]

Combo: (0, 1, 3)
  a=1.164175 AU, e=0.143705, Omega=148.6714 deg, i=2.3774 deg, w=184.0161 deg, M=359.5510 deg
  r2 = [0.880835,-0.427309,-0.187922]
  r2dot = [0.499772,0.885893,0.335702]

Combo: (0, 2, 3)
  a=2.320838 AU, e=0.569542, Omega=156.7980 deg, i=5.3739 deg, w=181.4846 deg, M=358.5706 deg
  r2 = [0.883788,-0.434800,-0.179853]
  r2dot = [0.541653,1.076281,0.338936]

Combo: (1, 2, 3)
  a=1.226932 AU, e=0.186686, Omega=152.7080 deg, i=3.0523 deg, w=183.3707 deg, M=357.8600 deg
  r2 = [0.888547,-0.417096,-0.181008]
  r2dot = [0.487463,0.916287,0.333944]

